[1] "reading in raw count matrix ..."
[1] "number of genes in raw count matrix 125647"
[1] "number of cells in raw count matrix 1224"
[1] "reading finished!"
[1] "imputation starts ..."
[1] "searching candidate neighbors ... "
[1] "inferring cell similarities ..."
[1] "dimension reduction ..."
[1] "calculating cell distances ..."
[1] "cluster sizes:"
[1] 194  73 267 189 232 184
starting worker pid=218566 on localhost:11457 at 10:48:43.606
starting worker pid=218568 on localhost:11457 at 10:48:43.606
starting worker pid=218567 on localhost:11457 at 10:48:43.606
starting worker pid=218565 on localhost:11457 at 10:48:43.611
[1] "estimating dropout probability for type 1 ..."
[1] 2000
[1] 4000
[1] 6000
[1] 8000
[1] 10000
[1] 12000
[1] 14000
[1] 16000
[1] 18000
[1] 20000
[1] 22000
[1] 24000
[1] 26000
[1] 28000
[1] 30000
[1] 32000
[1] 34000
[1] 36000
[1] 38000
[1] 40000
[1] 42000
[1] 44000
[1] 46000
[1] 48000
[1] 50000
[1] 52000
[1] 54000
[1] 56000
[1] 58000
[1] 60000
[1] 62000
[1] 64000
[1] 66000
[1] 68000
[1] 70000
[1] 72000
[1] 74000
[1] 76000
[1] 78000
[1] 80000
[1] 82000
[1] 84000
[1] 86000
[1] 88000
[1] 90000
[1] 92000
[1] 94000
[1] 96000
[1] 98000
[1] 100000
[1] 102000
[1] 104000
[1] 106000
[1] 108000
[1] 110000
[1] 112000
[1] 114000
[1] 116000
[1] 118000
[1] 120000
[1] 122000
[1] 124000
[1] "searching for valid genes ..."
[1] "imputing dropout values for type 1 ..."
[1] 100
[1] "estimating dropout probability for type 2 ..."
[1] 2000
[1] 4000
[1] 6000
[1] 8000
[1] 10000
[1] 12000
[1] 14000
[1] 16000
[1] 18000
[1] 20000
[1] 22000
[1] 24000
[1] 26000
[1] 28000
[1] 30000
[1] 32000
[1] 34000
[1] 36000
[1] 38000
[1] 40000
[1] 42000
[1] 44000
[1] 46000
[1] 48000
[1] 50000
[1] 52000
[1] 54000
[1] 56000
[1] 58000
[1] 60000
[1] 62000
[1] 64000
[1] 66000
[1] 68000
[1] 70000
[1] 72000
[1] 74000
[1] 76000
[1] 78000
[1] 80000
[1] 82000
[1] 84000
[1] 86000
[1] 88000
[1] 90000
[1] 92000
[1] 94000
[1] 96000
[1] 98000
[1] 100000
[1] 102000
[1] 104000
[1] 106000
[1] 108000
[1] 110000
[1] 112000
[1] 114000
[1] 116000
[1] 118000
[1] 120000
[1] 122000
[1] 124000
[1] "searching for valid genes ..."
[1] "imputing dropout values for type 2 ..."
[1] "estimating dropout probability for type 3 ..."
[1] 2000
[1] 4000
[1] 6000
[1] 8000
[1] 10000
[1] 12000
[1] 14000
[1] 16000
[1] 18000
[1] 20000
[1] 22000
[1] 24000
[1] 26000
[1] 28000
[1] 30000
[1] 32000
[1] 34000
[1] 36000
[1] 38000
[1] 40000
[1] 42000
[1] 44000
[1] 46000
[1] 48000
[1] 50000
[1] 52000
[1] 54000
[1] 56000
[1] 58000
[1] 60000
[1] 62000
[1] 64000
[1] 66000
[1] 68000
[1] 70000
[1] 72000
[1] 74000
[1] 76000
[1] 78000
[1] 80000
[1] 82000
[1] 84000
[1] 86000
[1] 88000
[1] 90000
[1] 92000
[1] 94000
[1] 96000
[1] 98000
[1] 100000
[1] 102000
[1] 104000
[1] 106000
[1] 108000
[1] 110000
[1] 112000
[1] 114000
[1] 116000
[1] 118000
[1] 120000
[1] 122000
[1] 124000
[1] "searching for valid genes ..."
[1] "imputing dropout values for type 3 ..."
[1] 100
[1] 200
[1] "estimating dropout probability for type 4 ..."
[1] 2000
[1] 4000
[1] 6000
[1] 8000
[1] 10000
[1] 12000
[1] 14000
[1] 16000
[1] 18000
[1] 20000
[1] 22000
[1] 24000
[1] 26000
[1] 28000
[1] 30000
[1] 32000
[1] 34000
[1] 36000
[1] 38000
[1] 40000
[1] 42000
[1] 44000
[1] 46000
[1] 48000
[1] 50000
[1] 52000
[1] 54000
[1] 56000
[1] 58000
[1] 60000
[1] 62000
[1] 64000
[1] 66000
[1] 68000
[1] 70000
[1] 72000
[1] 74000
[1] 76000
[1] 78000
[1] 80000
[1] 82000
[1] 84000
[1] 86000
[1] 88000
[1] 90000
[1] 92000
[1] 94000
[1] 96000
[1] 98000
[1] 100000
[1] 102000
[1] 104000
[1] 106000
[1] 108000
[1] 110000
[1] 112000
[1] 114000
[1] 116000
[1] 118000
[1] 120000
[1] 122000
[1] 124000
[1] "searching for valid genes ..."
[1] "imputing dropout values for type 4 ..."
[1] 100
[1] "estimating dropout probability for type 5 ..."
[1] 2000
[1] 4000
[1] 6000
[1] 8000
[1] 10000
[1] 12000
[1] 14000
[1] 16000
[1] 18000
[1] 20000
[1] 22000
[1] 24000
[1] 26000
[1] 28000
[1] 30000
[1] 32000
[1] 34000
[1] 36000
[1] 38000
[1] 40000
[1] 42000
[1] 44000
[1] 46000
[1] 48000
[1] 50000
[1] 52000
[1] 54000
[1] 56000
[1] 58000
[1] 60000
[1] 62000
[1] 64000
[1] 66000
[1] 68000
[1] 70000
[1] 72000
[1] 74000
[1] 76000
[1] 78000
[1] 80000
[1] 82000
[1] 84000
[1] 86000
[1] 88000
[1] 90000
[1] 92000
[1] 94000
[1] 96000
[1] 98000
[1] 100000
[1] 102000
[1] 104000
[1] 106000
[1] 108000
[1] 110000
[1] 112000
[1] 114000
[1] 116000
[1] 118000
[1] 120000
[1] 122000
[1] 124000
[1] "searching for valid genes ..."
[1] "imputing dropout values for type 5 ..."
[1] 100
[1] 200
[1] "estimating dropout probability for type 6 ..."
[1] 2000
[1] 4000
[1] 6000
[1] 8000
[1] 10000
[1] 12000
[1] 14000
[1] 16000
[1] 18000
[1] 20000
[1] 22000
[1] 24000
[1] 26000
[1] 28000
[1] 30000
[1] 32000
[1] 34000
[1] 36000
[1] 38000
[1] 40000
[1] 42000
[1] 44000
[1] 46000
[1] 48000
[1] 50000
[1] 52000
[1] 54000
[1] 56000
[1] 58000
[1] 60000
[1] 62000
[1] 64000
[1] 66000
[1] 68000
[1] 70000
[1] 72000
[1] 74000
[1] 76000
[1] 78000
[1] 80000
[1] 82000
[1] 84000
[1] 86000
[1] 88000
[1] 90000
[1] 92000
[1] 94000
[1] 96000
[1] 98000
[1] 100000
[1] 102000
[1] 104000
[1] 106000
[1] 108000
[1] 110000
[1] 112000
[1] 114000
[1] 116000
[1] 118000
[1] 120000
[1] 122000
[1] 124000
[1] "searching for valid genes ..."
[1] "imputing dropout values for type 6 ..."
[1] 100
[1] "writing imputed count matrix ..."
 [1]    3   13   49   72   76   78   89  101  123  136  169  200  205  210  233
[16]  240  242  243  247  258  266  363  425  705  719  726  738  739  753  772
[31]  775  781  804  805  816  826  833  834  840  852  857  862  963  968  969
[46]  972 1013 1024 1046 1139 1140 1142 1143 1144 1145 1146 1148 1149 1150 1151
[61] 1155 1157 1160 1168 1170 1173 1177 1178 1181 1184 1186 1188 1192 1194 1196
[76] 1197 1198 1199 1200 1201 1202 1210 1212 1217 1221
It took 1613 seconds
