[1] "reading in raw count matrix ..."
[1] "number of genes in raw count matrix 109418"
[1] "number of cells in raw count matrix 2210"
[1] "reading finished!"
[1] "imputation starts ..."
[1] "searching candidate neighbors ... "
[1] "inferring cell similarities ..."
[1] "dimension reduction ..."
[1] "calculating cell distances ..."
[1] "cluster sizes:"
[1]    2    7    9    2    2 2035    5    3
starting worker pid=168532 on localhost:11092 at 18:01:23.062
starting worker pid=168531 on localhost:11092 at 18:01:23.062
starting worker pid=168530 on localhost:11092 at 18:01:23.062
starting worker pid=168529 on localhost:11092 at 18:01:23.062
[1] "estimating dropout probability for type 1 ..."
[1] 2000
[1] 4000
[1] 6000
[1] 8000
[1] 10000
[1] 12000
[1] 14000
[1] 16000
[1] 18000
[1] 20000
[1] 22000
[1] 24000
[1] 26000
[1] 28000
[1] 30000
[1] 32000
[1] 34000
[1] 36000
[1] 38000
[1] 40000
[1] 42000
[1] 44000
[1] 46000
[1] 48000
[1] 50000
[1] 52000
[1] 54000
[1] 56000
[1] 58000
[1] 60000
[1] 62000
[1] 64000
[1] 66000
[1] 68000
[1] 70000
[1] 72000
[1] 74000
[1] 76000
[1] 78000
[1] 80000
[1] 82000
[1] 84000
[1] 86000
[1] 88000
[1] 90000
[1] 92000
[1] 94000
[1] 96000
[1] 98000
[1] 100000
[1] 102000
[1] 104000
[1] 106000
[1] 108000
[1] "searching for valid genes ..."
[1] "imputing dropout values for type 1 ..."
[1] "estimating dropout probability for type 2 ..."
[1] 2000
[1] 4000
[1] 6000
[1] 8000
[1] 10000
[1] 12000
[1] 14000
[1] 16000
[1] 18000
[1] 20000
[1] 22000
[1] 24000
[1] 26000
[1] 28000
[1] 30000
[1] 32000
[1] 34000
[1] 36000
[1] 38000
[1] 40000
[1] 42000
[1] 44000
[1] 46000
[1] 48000
[1] 50000
[1] 52000
[1] 54000
[1] 56000
[1] 58000
[1] 60000
[1] 62000
[1] 64000
[1] 66000
[1] 68000
[1] 70000
[1] 72000
[1] 74000
[1] 76000
[1] 78000
[1] 80000
[1] 82000
[1] 84000
[1] 86000
[1] 88000
[1] 90000
[1] 92000
[1] 94000
[1] 96000
[1] 98000
[1] 100000
[1] 102000
[1] 104000
[1] 106000
[1] 108000
[1] "searching for valid genes ..."
[1] "imputing dropout values for type 2 ..."
[1] "estimating dropout probability for type 3 ..."
[1] 2000
[1] 4000
[1] 6000
[1] 8000
[1] 10000
[1] 12000
[1] 14000
[1] 16000
[1] 18000
[1] 20000
[1] 22000
[1] 24000
[1] 26000
[1] 28000
[1] 30000
[1] 32000
[1] 34000
[1] 36000
[1] 38000
[1] 40000
[1] 42000
[1] 44000
[1] 46000
[1] 48000
[1] 50000
[1] 52000
[1] 54000
[1] 56000
[1] 58000
[1] 60000
[1] 62000
[1] 64000
[1] 66000
[1] 68000
[1] 70000
[1] 72000
[1] 74000
[1] 76000
[1] 78000
[1] 80000
[1] 82000
[1] 84000
[1] 86000
[1] 88000
[1] 90000
[1] 92000
[1] 94000
[1] 96000
[1] 98000
[1] 100000
[1] 102000
[1] 104000
[1] 106000
[1] 108000
[1] "searching for valid genes ..."
[1] "imputing dropout values for type 3 ..."
[1] "estimating dropout probability for type 4 ..."
[1] 2000
[1] 4000
[1] 6000
[1] 8000
[1] 10000
[1] 12000
[1] 14000
[1] 16000
[1] 18000
[1] 20000
[1] 22000
[1] 24000
[1] 26000
[1] 28000
[1] 30000
[1] 32000
[1] 34000
[1] 36000
[1] 38000
[1] 40000
[1] 42000
[1] 44000
[1] 46000
[1] 48000
[1] 50000
[1] 52000
[1] 54000
[1] 56000
[1] 58000
[1] 60000
[1] 62000
[1] 64000
[1] 66000
[1] 68000
[1] 70000
[1] 72000
[1] 74000
[1] 76000
[1] 78000
[1] 80000
[1] 82000
[1] 84000
[1] 86000
[1] 88000
[1] 90000
[1] 92000
[1] 94000
[1] 96000
[1] 98000
[1] 100000
[1] 102000
[1] 104000
[1] 106000
[1] 108000
[1] "searching for valid genes ..."
[1] "imputing dropout values for type 4 ..."
[1] "estimating dropout probability for type 5 ..."
[1] 2000
[1] 4000
[1] 6000
[1] 8000
[1] 10000
[1] 12000
[1] 14000
[1] 16000
[1] 18000
[1] 20000
[1] 22000
[1] 24000
[1] 26000
[1] 28000
[1] 30000
[1] 32000
[1] 34000
[1] 36000
[1] 38000
[1] 40000
[1] 42000
[1] 44000
[1] 46000
[1] 48000
[1] 50000
[1] 52000
[1] 54000
[1] 56000
[1] 58000
[1] 60000
[1] 62000
[1] 64000
[1] 66000
[1] 68000
[1] 70000
[1] 72000
[1] 74000
[1] 76000
[1] 78000
[1] 80000
[1] 82000
[1] 84000
[1] 86000
[1] 88000
[1] 90000
[1] 92000
[1] 94000
[1] 96000
[1] 98000
[1] 100000
[1] 102000
[1] 104000
[1] 106000
[1] 108000
[1] "searching for valid genes ..."
[1] "imputing dropout values for type 5 ..."
[1] "estimating dropout probability for type 6 ..."
[1] 2000
[1] 4000
[1] 6000
[1] 8000
[1] 10000
[1] 12000
[1] 14000
[1] 16000
[1] 18000
[1] 20000
[1] 22000
[1] 24000
[1] 26000
[1] 28000
[1] 30000
[1] 32000
[1] 34000
[1] 36000
[1] 38000
[1] 40000
[1] 42000
[1] 44000
[1] 46000
[1] 48000
[1] 50000
[1] 52000
[1] 54000
[1] 56000
[1] 58000
[1] 60000
[1] 62000
[1] 64000
[1] 66000
[1] 68000
[1] 70000
[1] 72000
[1] 74000
[1] 76000
[1] 78000
[1] 80000
[1] 82000
[1] 84000
[1] 86000
[1] 88000
[1] 90000
[1] 92000
[1] 94000
[1] 96000
[1] 98000
[1] 100000
[1] 102000
[1] 104000
[1] 106000
[1] 108000
[1] "searching for valid genes ..."
[1] "imputing dropout values for type 6 ..."
[1] 100
[1] 200
[1] 300
[1] 400
[1] 500
[1] 600
[1] 700
[1] 800
[1] 900
[1] 1000
[1] 1100
[1] 1200
[1] 1300
[1] 1400
[1] 1500
[1] 1600
[1] 1700
[1] 1800
[1] 1900
[1] 2000
[1] "estimating dropout probability for type 7 ..."
[1] 2000
[1] 4000
[1] 6000
[1] 8000
[1] 10000
[1] 12000
[1] 14000
[1] 16000
[1] 18000
[1] 20000
[1] 22000
[1] 24000
[1] 26000
[1] 28000
[1] 30000
[1] 32000
[1] 34000
[1] 36000
[1] 38000
[1] 40000
[1] 42000
[1] 44000
[1] 46000
[1] 48000
[1] 50000
[1] 52000
[1] 54000
[1] 56000
[1] 58000
[1] 60000
[1] 62000
[1] 64000
[1] 66000
[1] 68000
[1] 70000
[1] 72000
[1] 74000
[1] 76000
[1] 78000
[1] 80000
[1] 82000
[1] 84000
[1] 86000
[1] 88000
[1] 90000
[1] 92000
[1] 94000
[1] 96000
[1] 98000
[1] 100000
[1] 102000
[1] 104000
[1] 106000
[1] 108000
[1] "searching for valid genes ..."
[1] "imputing dropout values for type 7 ..."
[1] "estimating dropout probability for type 8 ..."
[1] 2000
[1] 4000
[1] 6000
[1] 8000
[1] 10000
[1] 12000
[1] 14000
[1] 16000
[1] 18000
[1] 20000
[1] 22000
[1] 24000
[1] 26000
[1] 28000
[1] 30000
[1] 32000
[1] 34000
[1] 36000
[1] 38000
[1] 40000
[1] 42000
[1] 44000
[1] 46000
[1] 48000
[1] 50000
[1] 52000
[1] 54000
[1] 56000
[1] 58000
[1] 60000
[1] 62000
[1] 64000
[1] 66000
[1] 68000
[1] 70000
[1] 72000
[1] 74000
[1] 76000
[1] 78000
[1] 80000
[1] 82000
[1] 84000
[1] 86000
[1] 88000
[1] 90000
[1] 92000
[1] 94000
[1] 96000
[1] 98000
[1] 100000
[1] 102000
[1] 104000
[1] 106000
[1] 108000
[1] "searching for valid genes ..."
[1] "imputing dropout values for type 8 ..."
[1] "writing imputed count matrix ..."
  [1]   18   19   30   65   87  166  168  240  243  285  325  326  458  550  592
 [16]  668  689  690  719  720  723  737  755  757  758  769  790  792  803  805
 [31]  810  813  816  823  836  840  846  860  875  879  884  885  898  900  918
 [46]  930  957  958  963  965  968  974  985  989  991  992  994 1013 1019 1026
 [61] 1031 1057 1069 1086 1088 1089 1123 1130 1144 1174 1181 1196 1222 1255 1261
 [76] 1275 1280 1284 1314 1316 1337 1413 1418 1446 1450 1451 1466 1489 1502 1505
 [91] 1507 1526 1529 1530 1535 1544 1575 1579 1585 1586 1594 1597 1598 1601 1604
[106] 1607 1609 1610 1616 1624 1627 1631 1632 1633 1635 1640 1648 1653 1655 1665
[121] 1667 1668 1685 1690 1694 1695 1781 1808 1813 1826 1851 1861 1954 1970 1987
[136] 1988 2009 2020 2044 2045 2046 2054 2074 2085 2126
It took 6696 seconds
