[1] "reading in raw count matrix ..."
[1] "number of genes in raw count matrix 106935"
[1] "number of cells in raw count matrix 10032"
[1] "reading finished!"
[1] "imputation starts ..."
[1] "searching candidate neighbors ... "
[1] "inferring cell similarities ..."
[1] "dimension reduction ..."
[1] "calculating cell distances ..."
[1] "cluster sizes:"
 [1]  959  724  294  880  128  809  324  550  364  192  896 1310 2292  310
starting worker pid=244321 on localhost:11791 at 18:52:34.045
starting worker pid=244323 on localhost:11791 at 18:52:34.045
starting worker pid=244322 on localhost:11791 at 18:52:34.045
starting worker pid=244324 on localhost:11791 at 18:52:34.045
[1] "estimating dropout probability for type 1 ..."
[1] 2000
[1] 4000
[1] 6000
[1] 8000
[1] 10000
[1] 12000
[1] 14000
[1] 16000
[1] 18000
[1] 20000
[1] 22000
[1] 24000
[1] 26000
[1] 28000
[1] 30000
[1] 32000
[1] 34000
[1] 36000
[1] 38000
[1] 40000
[1] 42000
[1] 44000
[1] 46000
[1] 48000
[1] 50000
[1] 52000
[1] 54000
[1] 56000
[1] 58000
[1] 60000
[1] 62000
[1] 64000
[1] 66000
[1] 68000
[1] 70000
[1] 72000
[1] 74000
[1] 76000
[1] 78000
[1] 80000
[1] 82000
[1] 84000
[1] 86000
[1] 88000
[1] 90000
[1] 92000
[1] 94000
[1] 96000
[1] 98000
[1] 100000
[1] 102000
[1] 104000
[1] 106000
[1] "searching for valid genes ..."
[1] "imputing dropout values for type 1 ..."
[1] 100
[1] 200
[1] 300
[1] 400
[1] 500
[1] 600
[1] 700
[1] 800
[1] 900
[1] "estimating dropout probability for type 2 ..."
[1] 2000
[1] 4000
[1] 6000
[1] 8000
[1] 10000
[1] 12000
[1] 14000
[1] 16000
[1] 18000
[1] 20000
[1] 22000
[1] 24000
[1] 26000
[1] 28000
[1] 30000
[1] 32000
[1] 34000
[1] 36000
[1] 38000
[1] 40000
[1] 42000
[1] 44000
[1] 46000
[1] 48000
[1] 50000
[1] 52000
[1] 54000
[1] 56000
[1] 58000
[1] 60000
[1] 62000
[1] 64000
[1] 66000
[1] 68000
[1] 70000
[1] 72000
[1] 74000
[1] 76000
[1] 78000
[1] 80000
[1] 82000
[1] 84000
[1] 86000
[1] 88000
[1] 90000
[1] 92000
[1] 94000
[1] 96000
[1] 98000
[1] 100000
[1] 102000
[1] 104000
[1] 106000
[1] "searching for valid genes ..."
[1] "imputing dropout values for type 2 ..."
[1] 100
[1] 200
[1] 300
[1] 400
[1] 500
[1] 600
[1] 700
[1] "estimating dropout probability for type 3 ..."
[1] 2000
[1] 4000
[1] 6000
[1] 8000
[1] 10000
[1] 12000
[1] 14000
[1] 16000
[1] 18000
[1] 20000
[1] 22000
[1] 24000
[1] 26000
[1] 28000
[1] 30000
[1] 32000
[1] 34000
[1] 36000
[1] 38000
[1] 40000
[1] 42000
[1] 44000
[1] 46000
[1] 48000
[1] 50000
[1] 52000
[1] 54000
[1] 56000
[1] 58000
[1] 60000
[1] 62000
[1] 64000
[1] 66000
[1] 68000
[1] 70000
[1] 72000
[1] 74000
[1] 76000
[1] 78000
[1] 80000
[1] 82000
[1] 84000
[1] 86000
[1] 88000
[1] 90000
[1] 92000
[1] 94000
[1] 96000
[1] 98000
[1] 100000
[1] 102000
[1] 104000
[1] 106000
[1] "searching for valid genes ..."
[1] "imputing dropout values for type 3 ..."
[1] 100
[1] 200
[1] "estimating dropout probability for type 4 ..."
[1] 2000
[1] 4000
[1] 6000
[1] 8000
[1] 10000
[1] 12000
[1] 14000
[1] 16000
[1] 18000
[1] 20000
[1] 22000
[1] 24000
[1] 26000
[1] 28000
[1] 30000
[1] 32000
[1] 34000
[1] 36000
[1] 38000
[1] 40000
[1] 42000
[1] 44000
[1] 46000
[1] 48000
[1] 50000
[1] 52000
[1] 54000
[1] 56000
[1] 58000
[1] 60000
[1] 62000
[1] 64000
[1] 66000
[1] 68000
[1] 70000
[1] 72000
[1] 74000
[1] 76000
[1] 78000
[1] 80000
[1] 82000
[1] 84000
[1] 86000
[1] 88000
[1] 90000
[1] 92000
[1] 94000
[1] 96000
[1] 98000
[1] 100000
[1] 102000
[1] 104000
[1] 106000
[1] "searching for valid genes ..."
[1] "imputing dropout values for type 4 ..."
[1] 100
[1] 200
[1] 300
[1] 400
[1] 500
[1] 600
[1] 700
[1] 800
[1] "estimating dropout probability for type 5 ..."
[1] 2000
[1] 4000
[1] 6000
[1] 8000
[1] 10000
[1] 12000
[1] 14000
[1] 16000
[1] 18000
[1] 20000
[1] 22000
[1] 24000
[1] 26000
[1] 28000
[1] 30000
[1] 32000
[1] 34000
[1] 36000
[1] 38000
[1] 40000
[1] 42000
[1] 44000
[1] 46000
[1] 48000
[1] 50000
[1] 52000
[1] 54000
[1] 56000
[1] 58000
[1] 60000
[1] 62000
[1] 64000
[1] 66000
[1] 68000
[1] 70000
[1] 72000
[1] 74000
[1] 76000
[1] 78000
[1] 80000
[1] 82000
[1] 84000
[1] 86000
[1] 88000
[1] 90000
[1] 92000
[1] 94000
[1] 96000
[1] 98000
[1] 100000
[1] 102000
[1] 104000
[1] 106000
[1] "searching for valid genes ..."
[1] "imputing dropout values for type 5 ..."
[1] 100
[1] "estimating dropout probability for type 6 ..."
[1] 2000
[1] 4000
[1] 6000
[1] 8000
[1] 10000
[1] 12000
[1] 14000
[1] 16000
[1] 18000
[1] 20000
[1] 22000
[1] 24000
[1] 26000
[1] 28000
[1] 30000
[1] 32000
[1] 34000
[1] 36000
[1] 38000
[1] 40000
[1] 42000
[1] 44000
[1] 46000
[1] 48000
[1] 50000
[1] 52000
[1] 54000
[1] 56000
[1] 58000
[1] 60000
[1] 62000
[1] 64000
[1] 66000
[1] 68000
[1] 70000
[1] 72000
[1] 74000
[1] 76000
[1] 78000
[1] 80000
[1] 82000
[1] 84000
[1] 86000
[1] 88000
[1] 90000
[1] 92000
[1] 94000
[1] 96000
[1] 98000
[1] 100000
[1] 102000
[1] 104000
[1] 106000
[1] "searching for valid genes ..."
[1] "imputing dropout values for type 6 ..."
[1] 100
[1] 200
[1] 300
[1] 400
[1] 500
[1] 600
[1] 700
[1] 800
[1] "estimating dropout probability for type 7 ..."
[1] 2000
[1] 4000
[1] 6000
[1] 8000
[1] 10000
[1] 12000
[1] 14000
[1] 16000
[1] 18000
[1] 20000
[1] 22000
[1] 24000
[1] 26000
[1] 28000
[1] 30000
[1] 32000
[1] 34000
[1] 36000
[1] 38000
[1] 40000
[1] 42000
[1] 44000
[1] 46000
[1] 48000
[1] 50000
[1] 52000
[1] 54000
[1] 56000
[1] 58000
[1] 60000
[1] 62000
[1] 64000
[1] 66000
[1] 68000
[1] 70000
[1] 72000
[1] 74000
[1] 76000
[1] 78000
[1] 80000
[1] 82000
[1] 84000
[1] 86000
[1] 88000
[1] 90000
[1] 92000
[1] 94000
[1] 96000
[1] 98000
[1] 100000
[1] 102000
[1] 104000
[1] 106000
[1] "searching for valid genes ..."
[1] "imputing dropout values for type 7 ..."
[1] 100
[1] 200
[1] 300
[1] "estimating dropout probability for type 8 ..."
[1] 2000
[1] 4000
[1] 6000
[1] 8000
[1] 10000
[1] 12000
[1] 14000
[1] 16000
[1] 18000
[1] 20000
[1] 22000
[1] 24000
[1] 26000
[1] 28000
[1] 30000
[1] 32000
[1] 34000
[1] 36000
[1] 38000
[1] 40000
[1] 42000
[1] 44000
[1] 46000
[1] 48000
[1] 50000
[1] 52000
[1] 54000
[1] 56000
[1] 58000
[1] 60000
[1] 62000
[1] 64000
[1] 66000
[1] 68000
[1] 70000
[1] 72000
[1] 74000
[1] 76000
[1] 78000
[1] 80000
[1] 82000
[1] 84000
[1] 86000
[1] 88000
[1] 90000
[1] 92000
[1] 94000
[1] 96000
[1] 98000
[1] 100000
[1] 102000
[1] 104000
[1] 106000
[1] "searching for valid genes ..."
[1] "imputing dropout values for type 8 ..."
[1] 100
[1] 200
[1] 300
[1] 400
[1] 500
[1] "estimating dropout probability for type 9 ..."
[1] 2000
[1] 4000
[1] 6000
[1] 8000
[1] 10000
[1] 12000
[1] 14000
[1] 16000
[1] 18000
[1] 20000
[1] 22000
[1] 24000
[1] 26000
[1] 28000
[1] 30000
[1] 32000
[1] 34000
[1] 36000
[1] 38000
[1] 40000
[1] 42000
[1] 44000
[1] 46000
[1] 48000
[1] 50000
[1] 52000
[1] 54000
[1] 56000
[1] 58000
[1] 60000
[1] 62000
[1] 64000
[1] 66000
[1] 68000
[1] 70000
[1] 72000
[1] 74000
[1] 76000
[1] 78000
[1] 80000
[1] 82000
[1] 84000
[1] 86000
[1] 88000
[1] 90000
[1] 92000
[1] 94000
[1] 96000
[1] 98000
[1] 100000
[1] 102000
[1] 104000
[1] 106000
[1] "searching for valid genes ..."
[1] "imputing dropout values for type 9 ..."
[1] 100
[1] 200
[1] 300
[1] "estimating dropout probability for type 10 ..."
[1] 2000
[1] 4000
[1] 6000
[1] 8000
[1] 10000
[1] 12000
[1] 14000
[1] 16000
[1] 18000
[1] 20000
[1] 22000
[1] 24000
[1] 26000
[1] 28000
[1] 30000
[1] 32000
[1] 34000
[1] 36000
[1] 38000
[1] 40000
[1] 42000
[1] 44000
[1] 46000
[1] 48000
[1] 50000
[1] 52000
[1] 54000
[1] 56000
[1] 58000
[1] 60000
[1] 62000
[1] 64000
[1] 66000
[1] 68000
[1] 70000
[1] 72000
[1] 74000
[1] 76000
[1] 78000
[1] 80000
[1] 82000
[1] 84000
[1] 86000
[1] 88000
[1] 90000
[1] 92000
[1] 94000
[1] 96000
[1] 98000
[1] 100000
[1] 102000
[1] 104000
[1] 106000
[1] "searching for valid genes ..."
[1] "imputing dropout values for type 10 ..."
[1] 100
[1] "estimating dropout probability for type 11 ..."
[1] 2000
[1] 4000
[1] 6000
[1] 8000
[1] 10000
[1] 12000
[1] 14000
[1] 16000
[1] 18000
[1] 20000
[1] 22000
[1] 24000
[1] 26000
[1] 28000
[1] 30000
[1] 32000
[1] 34000
[1] 36000
[1] 38000
[1] 40000
[1] 42000
[1] 44000
[1] 46000
[1] 48000
[1] 50000
[1] 52000
[1] 54000
[1] 56000
[1] 58000
[1] 60000
[1] 62000
[1] 64000
[1] 66000
[1] 68000
[1] 70000
[1] 72000
[1] 74000
[1] 76000
[1] 78000
[1] 80000
[1] 82000
[1] 84000
[1] 86000
[1] 88000
[1] 90000
[1] 92000
[1] 94000
[1] 96000
[1] 98000
[1] 100000
[1] 102000
[1] 104000
[1] 106000
[1] "searching for valid genes ..."
[1] "imputing dropout values for type 11 ..."
[1] 100
[1] 200
[1] 300
[1] 400
[1] 500
[1] 600
[1] 700
[1] 800
[1] "estimating dropout probability for type 12 ..."
[1] 2000
[1] 4000
[1] 6000
[1] 8000
[1] 10000
[1] 12000
[1] 14000
[1] 16000
[1] 18000
[1] 20000
[1] 22000
[1] 24000
[1] 26000
[1] 28000
[1] 30000
[1] 32000
[1] 34000
[1] 36000
[1] 38000
[1] 40000
[1] 42000
[1] 44000
[1] 46000
[1] 48000
[1] 50000
[1] 52000
[1] 54000
[1] 56000
[1] 58000
[1] 60000
[1] 62000
[1] 64000
[1] 66000
[1] 68000
[1] 70000
[1] 72000
[1] 74000
[1] 76000
[1] 78000
[1] 80000
[1] 82000
[1] 84000
[1] 86000
[1] 88000
[1] 90000
[1] 92000
[1] 94000
[1] 96000
[1] 98000
[1] 100000
[1] 102000
[1] 104000
[1] 106000
[1] "searching for valid genes ..."
[1] "imputing dropout values for type 12 ..."
[1] 100
[1] 200
[1] 300
[1] 400
[1] 500
[1] 600
[1] 700
[1] 800
[1] 900
[1] 1000
[1] 1100
[1] 1200
[1] 1300
[1] "estimating dropout probability for type 13 ..."
[1] 2000
[1] 4000
[1] 6000
[1] 8000
[1] 10000
[1] 12000
[1] 14000
[1] 16000
[1] 18000
[1] 20000
[1] 22000
[1] 24000
[1] 26000
[1] 28000
[1] 30000
[1] 32000
[1] 34000
[1] 36000
[1] 38000
[1] 40000
[1] 42000
[1] 44000
[1] 46000
[1] 48000
[1] 50000
[1] 52000
[1] 54000
[1] 56000
[1] 58000
[1] 60000
[1] 62000
[1] 64000
[1] 66000
[1] 68000
[1] 70000
[1] 72000
[1] 74000
[1] 76000
[1] 78000
[1] 80000
[1] 82000
[1] 84000
[1] 86000
[1] 88000
[1] 90000
[1] 92000
[1] 94000
[1] 96000
[1] 98000
[1] 100000
[1] 102000
[1] 104000
[1] 106000
[1] "searching for valid genes ..."
[1] "imputing dropout values for type 13 ..."
[1] 100
[1] 200
[1] 300
[1] 400
[1] 500
[1] 600
[1] 700
[1] 800
[1] 900
[1] 1000
[1] 1100
[1] 1200
[1] 1300
[1] 1400
[1] 1500
[1] 1600
[1] 1700
[1] 1800
[1] 1900
[1] 2000
[1] 2100
[1] 2200
[1] "estimating dropout probability for type 14 ..."
[1] 2000
[1] 4000
[1] 6000
[1] 8000
[1] 10000
[1] 12000
[1] 14000
[1] 16000
[1] 18000
[1] 20000
[1] 22000
[1] 24000
[1] 26000
[1] 28000
[1] 30000
[1] 32000
[1] 34000
[1] 36000
[1] 38000
[1] 40000
[1] 42000
[1] 44000
[1] 46000
[1] 48000
[1] 50000
[1] 52000
[1] 54000
[1] 56000
[1] 58000
[1] 60000
[1] 62000
[1] 64000
[1] 66000
[1] 68000
[1] 70000
[1] 72000
[1] 74000
[1] 76000
[1] 78000
[1] 80000
[1] 82000
[1] 84000
[1] 86000
[1] 88000
[1] 90000
[1] 92000
[1] 94000
[1] 96000
[1] 98000
[1] 100000
[1] 102000
[1] 104000
[1] 106000
[1] "searching for valid genes ..."
[1] "imputing dropout values for type 14 ..."
[1] 100
[1] 200
[1] 300
[1] "writing imputed count matrix ..."
integer(0)
It took 35461 seconds
